-1735.02 ,-562.281 ,-57.279 ,开封-解密宝箱
-1775.87 ,-660.507 ,-47.1854 ,开封-解密宝箱
-2017.37 ,-510.213 ,-55.0673 ,开封-解密宝箱
-2151.25 ,-400.832 ,-57.6757 ,开封-解密宝箱
-1970.16 ,-557.448 ,-53.4588 ,开封-解密宝箱
-2298.54 ,-203.614 ,-57.0295 ,开封-解密宝箱
-2325.45 ,5.13057 ,-56.7895 ,开封-解密宝箱
-2353.45 ,45.3715 ,-57.0669 ,开封-解密宝箱
-2386.56 ,81.2144 ,-50.1195 ,开封-解密宝箱
-2478.01 ,64.3484 ,-54.2521 ,开封-解密宝箱
-2519.22 ,152.094 ,-52.0695 ,开封-解密宝箱
-2478.37 ,463.813 ,-52.887 ,开封-解密宝箱
-2497.66 ,463.058 ,-52.4342 ,开封-解密宝箱
-622.88 ,-661.202 ,-45.0821 ,开封-解密宝箱
-769.413 ,-671.874 ,-47.2446 ,开封-解密宝箱
-871.546 ,-695.789 ,-47.4617 ,开封-解密宝箱
-905.889 ,-612.693 ,-36.9747 ,开封-解密宝箱
-1015.38 ,-615.887 ,-47.11 ,开封-解密宝箱
-1037.95 ,-610.87 ,-46.2197 ,开封-解密宝箱
-1090.14 ,-593.101 ,-30.1263 ,开封-解密宝箱
-1167.02 ,-561.427 ,-32.624 ,开封-解密宝箱
-1283.53 ,-560.793 ,-35.8898 ,开封-解密宝箱
-1390.6 ,-584.606 ,-40.75 ,开封-解密宝箱
-1398.43 ,-602.021 ,-40.6042 ,开封-解密宝箱
-1435.33 ,-679.548 ,-50.82 ,开封-解密宝箱
-1408.72 ,-750.278 ,-45.469 ,开封-解密宝箱
-1379.15 ,-781.535 ,-42.0086 ,开封-解密宝箱
-1091.09 ,-596.593 ,-29.788 ,开封-解密宝箱
-896.175 ,234.972 ,-59.625 ,开封-解密宝箱
-634.447 ,326.548 ,-54.25 ,开封-解密宝箱
-496.6 ,145.835 ,-33.5709 ,开封-解密宝箱
-412.178 ,234.136 ,-10.6155 ,开封-解密宝箱
-416.535 ,260.121 ,-4.06097 ,开封-解密宝箱
-474.811 ,295.297 ,-19.95 ,开封-解密宝箱
-492.854 ,346.025 ,-18.913 ,开封-解密宝箱
-436.497 ,503.122 ,-16.2897 ,开封-解密宝箱
-381.256 ,558.394 ,1.86 ,开封-解密宝箱
-334.105 ,554.701 ,28.7949 ,开封-解密宝箱
-305.893 ,551.587 ,52.37 ,开封-解密宝箱
-227.966 ,810.536 ,-16.0863 ,开封-解密宝箱
-286.378 ,660.541 ,-56.3945 ,开封-解密宝箱
-306.409 ,644.397 ,-32.3972 ,开封-解密宝箱
-389.777 ,628.685 ,-30.6905 ,开封-解密宝箱
-430.261 ,629.042 ,22.3518 ,开封-解密宝箱
-440.745 ,707.542 ,24.7741 ,开封-解密宝箱
-779.729 ,778.17 ,-17.7505 ,开封-解密宝箱
-845.401 ,762.885 ,-60.0556 ,开封-解密宝箱
-724.212 ,1070.72 ,-38.6818 ,开封-解密宝箱
-759.246 ,1138.26 ,-37.4314 ,开封-解密宝箱
-764.479 ,1168.49 ,-37.2959 ,开封-解密宝箱
-672.668 ,1127.38 ,-39.8135 ,开封-解密宝箱
-610.499 ,964.432 ,-31.3345 ,开封-解密宝箱
-649.942 ,974.761 ,-30.3168 ,开封-解密宝箱
-129.633 ,951.02 ,-32.21 ,开封-解密宝箱
-92.7673 ,617.586 ,113.38 ,开封-解密宝箱
-176.639 ,506.342 ,107.108 ,开封-解密宝箱
-196.051 ,416.021 ,98.0572 ,开封-解密宝箱
-181.531 ,254.481 ,41.94 ,开封-解密宝箱
-149.722 ,462.011 ,-14.3278 ,开封-解密宝箱
-146.699 ,459.981 ,-14.3278 ,开封-解密宝箱
-147.484 ,457.611 ,-14.3249 ,开封-解密宝箱
-165.633 ,462.982 ,-24.3031 ,开封-解密宝箱
-153.95 ,535.432 ,-20.2153 ,开封-解密宝箱
-159.307 ,530.34 ,-5.03893 ,开封-解密宝箱
-163.06 ,551.029 ,-7.24339 ,开封-解密宝箱
-1100.36 ,379.137 ,-64.1357 ,开封-解密宝箱
-1093.65 ,496.022 ,-64.7797 ,开封-解密宝箱
-1136.7 ,487.795 ,-61.2942 ,开封-解密宝箱
-1288.22 ,604.322 ,-61.5695 ,开封-解密宝箱
-1234.32 ,491.413 ,-61.69 ,开封-解密宝箱
-1171.29 ,251.327 ,-51.5961 ,开封-解密宝箱
-1146.47 ,234.18 ,-49.7591 ,开封-解密宝箱
-1100.69 ,169.759 ,-58.8764 ,开封-解密宝箱
-1150.24 ,186.128 ,-59.5327 ,开封-解密宝箱
-1079.12 ,-46.3111 ,-59.665 ,开封-解密宝箱
-1005.47 ,-39.1352 ,-59.6994 ,开封-解密宝箱
-1252.37 ,-155.303 ,-55.369 ,开封-解密宝箱
-1318.38 ,-138.079 ,-56.9453 ,开封-解密宝箱
-1250.89 ,-41.7439 ,-62.2371 ,开封-解密宝箱
-1300.58 ,-28.7818 ,-62.6495 ,开封-解密宝箱
-1385.35 ,-36.9933 ,-59.2892 ,开封-解密宝箱
-1477.5 ,10.4444 ,-35.9056 ,开封-解密宝箱
-1478.89 ,47.0737 ,-47.2453 ,开封-解密宝箱
-1924.24 ,77.6963 ,-62.0369 ,开封-解密宝箱
-1965.22 ,80.5495 ,-63.2249 ,开封-解密宝箱
-1933.71 ,-149.043 ,-54.5127 ,开封-解密宝箱
-2107.07 ,156.156 ,-53.687 ,开封-解密宝箱
-2129.09 ,222.631 ,-53.4619 ,开封-解密宝箱
-2110.98 ,323.624 ,-59.71 ,开封-解密宝箱
-2080.26 ,354.82 ,-62.1234 ,开封-解密宝箱
-2099.58 ,408.893 ,-62.0395 ,开封-解密宝箱
-2054.88 ,551.17 ,-59.7996 ,开封-解密宝箱
-2178.42 ,590.509 ,-58.46 ,开封-解密宝箱
-2176.78 ,594.148 ,-53.821 ,开封-解密宝箱
-2067.66 ,419.954 ,-62.1567 ,开封-解密宝箱
-1624.07 ,466.763 ,-55.8635 ,开封-解密宝箱
-1546.82 ,147.381 ,-58.5361 ,开封-解密宝箱
-2373.03 ,753.583 ,-64.9982 ,开封-解密宝箱
-2331.34 ,738.796 ,-65.5568 ,开封-解密宝箱
-2307.99 ,780.144 ,-64.8716 ,开封-解密宝箱
-2312.9 ,643.234 ,-58.8133 ,开封-解密宝箱
-2360.52 ,549.685 ,-63.8544 ,开封-解密宝箱
-2423.41 ,566.566 ,-61.9872 ,开封-解密宝箱
-2501.5 ,593.548 ,-50.91 ,开封-解密宝箱
-2548.06 ,669.775 ,-57.4938 ,开封-解密宝箱
-2533.26 ,862.446 ,-60.5241 ,开封-解密宝箱
-2416.93 ,952.743 ,-63.3527 ,开封-解密宝箱
-2328.18 ,1109.89 ,-62.1836 ,开封-解密宝箱
-2190.42 ,1387.38 ,-49.8674 ,开封-解密宝箱
-2473.27 ,217.382 ,-55.55 ,开封-解密宝箱
-2576.86 ,271.98 ,-57.8539 ,开封-解密宝箱
-2548.26 ,670.172 ,-57.5946 ,开封-解密宝箱
-2372.66 ,753.081 ,-64.9917 ,开封-解密宝箱
-983.831 ,194.322 ,-756.112 ,开封-解密宝箱
-884.582 ,95.1507 ,-737.137 ,开封-解密宝箱
-861.874 ,279.696 ,-738.662 ,开封-解密宝箱
-845.563 ,467.07 ,-707.005 ,开封-鬼市大宝藏